function [p,tri,quad,edge] = cubemesh()

%      Y
%      |
%      |       
%      4---------3
%     /|        /|
%    8-+-------7 |
%    | |       | |
%    | 1-------+-2 --- X
%    |/        |/
%    5---------6
%   /
%  Z

%    X Y Z
p = [0 0 0   % 1
     1 0 0   % 2
     1 1 0   % 3
     0 1 0   % 4
     0 0 1   % 5
     1 0 1   % 6
     1 1 1   % 7
     0 1 1]; % 8

tri = [3 2 1 % back
       1 4 3
       7 6 2 % right
       2 3 7
       8 5 6 % front
       6 7 8
       8 4 1 % left
       1 5 8
       8 7 3 % top
       3 4 8
       6 5 1 % bottom
       1 2 6];

quad = [
    1 2 3 6
    1 3 4 6
    5 1 4 6
    5 4 8 6
    3 8 4 6
    3 7 8 6
    ];

edge = [1 2 
        2 3
        3 4
        4 1
        5 6
        6 7
        7 8
        8 5
        1 5
        2 6
        3 7
        4 8];


end

